#Layer_Color=9474304
#
#Feature symbol names
#
$0 r5

#
#Feature attribute names
#

#
#Layer features
#
L 0.2786054 0.2464291 0.2886054 0.2664291 0 P 0
L 0.2786054 0.2464291 0.2986054 0.2564291 0 P 0
L 0.2786054 0.2864291 0.2886054 0.2664291 0 P 0
L 0.2786054 0.2864291 0.2986054 0.2764291 0 P 0
L 0.2986054 0.2564291 0.3186054 0.2464291 0 P 0
L 0.2986054 0.2764291 0.3186054 0.2864291 0 P 0
L 0.3007154 0.40257 0.3007154 0.42257 0 P 0
L 0.3007154 0.40257 0.3107154 0.40257 0 P 0
L 0.3007154 0.42257 0.3107154 0.42257 0 P 0
L 0.3086054 0.2664291 0.3186054 0.2464291 0 P 0
L 0.3086054 0.2664291 0.3186054 0.2864291 0 P 0
L 0.3107154 0.39257 0.3107154 0.40257 0 P 0
L 0.3107154 0.39257 0.3307154 0.39257 0 P 0
L 0.3107154 0.42257 0.3107154 0.43257 0 P 0
L 0.3107154 0.43257 0.3307154 0.43257 0 P 0
L 0.3307154 0.39257 0.3307154 0.40257 0 P 0
L 0.3307154 0.40257 0.3407154 0.40257 0 P 0
L 0.3307154 0.42257 0.3307154 0.43257 0 P 0
L 0.3307154 0.42257 0.3407154 0.42257 0 P 0
L 0.3407154 0.40257 0.3407154 0.42257 0 P 0
L 0.4658541 0.3166994 0.4758541 0.3366994 0 P 0
L 0.4658541 0.3166994 0.4858541 0.3266994 0 P 0
L 0.4658541 0.3566994 0.4758541 0.3366994 0 P 0
L 0.4658541 0.3566994 0.4858541 0.3466994 0 P 0
L 0.4858541 0.3266994 0.5058541 0.3166994 0 P 0
L 0.4858541 0.3466994 0.5058541 0.3566994 0 P 0
L 0.4958541 0.3366994 0.5058541 0.3166994 0 P 0
L 0.4958541 0.3366994 0.5058541 0.3566994 0 P 0
L 0.5403054 0.4924828 0.5403054 0.5124828 0 P 0
L 0.5403054 0.4924828 0.5503054 0.4924828 0 P 0
L 0.5403054 0.5124828 0.5503054 0.5124828 0 P 0
L 0.5503054 0.4824828 0.5503054 0.4924828 0 P 0
L 0.5503054 0.4824828 0.5703054 0.4824828 0 P 0
L 0.5503054 0.5124828 0.5503054 0.5224828 0 P 0
L 0.5503054 0.5224828 0.5703054 0.5224828 0 P 0
L 0.5703054 0.4824828 0.5703054 0.4924828 0 P 0
L 0.5703054 0.4924828 0.5803054 0.4924828 0 P 0
L 0.5703054 0.5124828 0.5703054 0.5224828 0 P 0
L 0.5703054 0.5124828 0.5803054 0.5124828 0 P 0
L 0.5803054 0.4924828 0.5803054 0.5124828 0 P 0
L 0.6531029 0.3869697 0.6631029 0.4069697 0 P 0
L 0.6531029 0.3869697 0.6731029 0.3969697 0 P 0
L 0.6531029 0.4269697 0.6631029 0.4069697 0 P 0
L 0.6531029 0.4269697 0.6731029 0.4169697 0 P 0
L 0.6731029 0.3969697 0.6931029 0.3869697 0 P 0
L 0.6731029 0.4169697 0.6931029 0.4269697 0 P 0
L 0.6831029 0.4069697 0.6931029 0.3869697 0 P 0
L 0.6831029 0.4069697 0.6931029 0.4269697 0 P 0
L 1.6284645 0.365 1.6384645 0.365 0 P 0
L 1.6284645 0.365 1.6384645 0.375 0 P 0
L 1.6284645 0.385 1.6384645 0.375 0 P 0
L 1.6284645 0.385 1.6384645 0.385 0 P 0
L 1.6384645 0.365 1.6484645 0.355 0 P 0
L 1.6384645 0.385 1.6484645 0.395 0 P 0
L 1.6484645 0.355 1.6584645 0.365 0 P 0
L 1.6484645 0.395 1.6584645 0.385 0 P 0
L 1.6584645 0.365 1.6684645 0.365 0 P 0
L 1.6584645 0.375 1.6684645 0.365 0 P 0
L 1.6584645 0.375 1.6684645 0.385 0 P 0
L 1.6584645 0.385 1.6684645 0.385 0 P 0
L 4.0202297 0.3850572 4.0302297 0.4050572 0 P 0
L 4.0202297 0.3850572 4.0402297 0.3950572 0 P 0
L 4.0202297 0.4250572 4.0302297 0.4050572 0 P 0
L 4.0202297 0.4250572 4.0402297 0.4150572 0 P 0
L 4.0402297 0.3950572 4.0602297 0.3850572 0 P 0
L 4.0402297 0.4150572 4.0602297 0.4250572 0 P 0
L 4.0502297 0.4050572 4.0602297 0.3850572 0 P 0
L 4.0502297 0.4050572 4.0602297 0.4250572 0 P 0
L 4.132932 0.4911237 4.132932 0.5111237 0 P 0
L 4.132932 0.4911237 4.142932 0.4911237 0 P 0
L 4.132932 0.5111237 4.142932 0.5111237 0 P 0
L 4.142932 0.4811237 4.142932 0.4911237 0 P 0
L 4.142932 0.4811237 4.162932 0.4811237 0 P 0
L 4.142932 0.5111237 4.142932 0.5211237 0 P 0
L 4.142932 0.5211237 4.162932 0.5211237 0 P 0
L 4.162932 0.4811237 4.162932 0.4911237 0 P 0
L 4.162932 0.4911237 4.172932 0.4911237 0 P 0
L 4.162932 0.5111237 4.162932 0.5211237 0 P 0
L 4.162932 0.5111237 4.172932 0.5111237 0 P 0
L 4.172932 0.4911237 4.172932 0.5111237 0 P 0
L 4.2074784 0.3147869 4.2174784 0.3347869 0 P 0
L 4.2074784 0.3147869 4.2274784 0.3247869 0 P 0
L 4.2074784 0.3547869 4.2174784 0.3347869 0 P 0
L 4.2074784 0.3547869 4.2274784 0.3447869 0 P 0
L 4.2274784 0.3247869 4.2474784 0.3147869 0 P 0
L 4.2274784 0.3447869 4.2474784 0.3547869 0 P 0
L 4.2374784 0.3347869 4.2474784 0.3147869 0 P 0
L 4.2374784 0.3347869 4.2474784 0.3547869 0 P 0
L 4.372522 0.4012109 4.372522 0.4212109 0 P 0
L 4.372522 0.4012109 4.382522 0.4012109 0 P 0
L 4.372522 0.4212109 4.382522 0.4212109 0 P 0
L 4.382522 0.3912109 4.382522 0.4012109 0 P 0
L 4.382522 0.3912109 4.402522 0.3912109 0 P 0
L 4.382522 0.4212109 4.382522 0.4312109 0 P 0
L 4.382522 0.4312109 4.402522 0.4312109 0 P 0
L 4.3947272 0.2445166 4.4047272 0.2645166 0 P 0
L 4.3947272 0.2445166 4.4147272 0.2545166 0 P 0
L 4.3947272 0.2845166 4.4047272 0.2645166 0 P 0
L 4.3947272 0.2845166 4.4147272 0.2745166 0 P 0
L 4.402522 0.3912109 4.402522 0.4012109 0 P 0
L 4.402522 0.4012109 4.412522 0.4012109 0 P 0
L 4.402522 0.4212109 4.402522 0.4312109 0 P 0
L 4.402522 0.4212109 4.412522 0.4212109 0 P 0
L 4.412522 0.4012109 4.412522 0.4212109 0 P 0
L 4.4147272 0.2545166 4.4347272 0.2445166 0 P 0
L 4.4147272 0.2745166 4.4347272 0.2845166 0 P 0
L 4.4247272 0.2645166 4.4347272 0.2445166 0 P 0
L 4.4247272 0.2645166 4.4347272 0.2845166 0 P 0
L 6.4316141 0.365 6.4416141 0.365 0 P 0
L 6.4316141 0.365 6.4416141 0.375 0 P 0
L 6.4316141 0.385 6.4416141 0.375 0 P 0
L 6.4316141 0.385 6.4416141 0.385 0 P 0
L 6.4416141 0.365 6.4516141 0.355 0 P 0
L 6.4416141 0.385 6.4516141 0.395 0 P 0
L 6.4516141 0.355 6.4616141 0.365 0 P 0
L 6.4516141 0.395 6.4616141 0.385 0 P 0
L 6.4616141 0.365 6.4716141 0.365 0 P 0
L 6.4616141 0.375 6.4716141 0.365 0 P 0
L 6.4616141 0.375 6.4716141 0.385 0 P 0
L 6.4616141 0.385 6.4716141 0.385 0 P 0
L 6.7317952 0.5652362 6.7317952 0.6052362 0 P 0
L 6.7317952 0.5652362 6.7717952 0.5652362 0 P 0
L 6.7317952 0.6052362 6.7717952 0.6052362 0 P 0
L 6.7367952 0.145 6.7367952 0.185 0 P 0
L 6.7367952 0.145 6.7767952 0.145 0 P 0
L 6.7367952 0.185 6.7767952 0.185 0 P 0
L 6.7717952 0.5652362 6.7717952 0.6052362 0 P 0
L 6.7767952 0.145 6.7767952 0.185 0 P 0
